68
NULL 0 Common 0
Joined 7 0,255,0,255,0,0,0,0,0,0 Latin 1 0 1 Joined	# Joined [4a 6f 69 6e 65 64 ]a
|Broken|0|1 f 0,255,0,255,0,0,0,0,0,0 Common 2 10 2 |Broken|0|1	# Broken
T 5 0,255,0,255,0,0,0,0,0,0 Latin 23 0 3 T	# T [54 ]A
h 3 0,255,0,255,0,0,0,0,0,0 Latin 30 0 4 h	# h [68 ]a
e 3 0,255,0,255,0,0,0,0,0,0 Latin 31 0 5 e	# e [65 ]a
q 3 0,255,0,255,0,0,0,0,0,0 Latin 32 0 6 q	# q [71 ]a
u 3 0,255,0,255,0,0,0,0,0,0 Latin 33 0 7 u	# u [75 ]a
i 3 0,255,0,255,0,0,0,0,0,0 Latin 34 0 8 i	# i [69 ]a
c 3 0,255,0,255,0,0,0,0,0,0 Latin 35 0 9 c	# c [63 ]a
k 3 0,255,0,255,0,0,0,0,0,0 Latin 36 0 10 k	# k [6b ]a
b 3 0,255,0,255,0,0,0,0,0,0 Latin 37 0 11 b	# b [62 ]a
r 3 0,255,0,255,0,0,0,0,0,0 Latin 38 0 12 r	# r [72 ]a
o 3 0,255,0,255,0,0,0,0,0,0 Latin 39 0 13 o	# o [6f ]a
w 3 0,255,0,255,0,0,0,0,0,0 Latin 40 0 14 w	# w [77 ]a
n 3 0,255,0,255,0,0,0,0,0,0 Latin 41 0 15 n	# n [6e ]a
f 3 0,255,0,255,0,0,0,0,0,0 Latin 42 0 16 f	# f [66 ]a
x 3 0,255,0,255,0,0,0,0,0,0 Latin 43 0 17 x	# x [78 ]a
j 3 0,255,0,255,0,0,0,0,0,0 Latin 44 0 18 j	# j [6a ]a
m 3 0,255,0,255,0,0,0,0,0,0 Latin 45 0 19 m	# m [6d ]a
p 3 0,255,0,255,0,0,0,0,0,0 Latin 46 0 20 p	# p [70 ]a
d 3 0,255,0,255,0,0,0,0,0,0 Latin 47 0 21 d	# d [64 ]a
v 3 0,255,0,255,0,0,0,0,0,0 Latin 48 0 22 v	# v [76 ]a
t 3 0,255,0,255,0,0,0,0,0,0 Latin 3 0 23 t	# t [74 ]a
l 3 0,255,0,255,0,0,0,0,0,0 Latin 49 0 24 l	# l [6c ]a
a 3 0,255,0,255,0,0,0,0,0,0 Latin 50 0 25 a	# a [61 ]a
z 3 0,255,0,255,0,0,0,0,0,0 Latin 51 0 26 z	# z [7a ]a
y 3 0,255,0,255,0,0,0,0,0,0 Latin 52 0 27 y	# y [79 ]a
g 3 0,255,0,255,0,0,0,0,0,0 Latin 53 0 28 g	# g [67 ]a
. 10 0,255,0,255,0,0,0,0,0,0 Common 29 6 29 .	# . [2e ]p
H 5 0,255,0,255,0,0,0,0,0,0 Latin 4 0 30 H	# H [48 ]A
E 5 0,255,0,255,0,0,0,0,0,0 Latin 5 0 31 E	# E [45 ]A
Q 5 0,255,0,255,0,0,0,0,0,0 Latin 6 0 32 Q	# Q [51 ]A
U 5 0,255,0,255,0,0,0,0,0,0 Latin 7 0 33 U	# U [55 ]A
I 5 0,255,0,255,0,0,0,0,0,0 Latin 8 0 34 I	# I [49 ]A
C 5 0,255,0,255,0,0,0,0,0,0 Latin 9 0 35 C	# C [43 ]A
K 5 0,255,0,255,0,0,0,0,0,0 Latin 10 0 36 K	# K [4b ]A
B 5 0,255,0,255,0,0,0,0,0,0 Latin 11 0 37 B	# B [42 ]A
R 5 0,255,0,255,0,0,0,0,0,0 Latin 12 0 38 R	# R [52 ]A
O 5 0,255,0,255,0,0,0,0,0,0 Latin 13 0 39 O	# O [4f ]A
W 5 0,255,0,255,0,0,0,0,0,0 Latin 14 0 40 W	# W [57 ]A
N 5 0,255,0,255,0,0,0,0,0,0 Latin 15 0 41 N	# N [4e ]A
F 5 0,255,0,255,0,0,0,0,0,0 Latin 16 0 42 F	# F [46 ]A
X 5 0,255,0,255,0,0,0,0,0,0 Latin 17 0 43 X	# X [58 ]A
J 5 0,255,0,255,0,0,0,0,0,0 Latin 18 0 44 J	# J [4a ]A
M 5 0,255,0,255,0,0,0,0,0,0 Latin 19 0 45 M	# M [4d ]A
P 5 0,255,0,255,0,0,0,0,0,0 Latin 20 0 46 P	# P [50 ]A
D 5 0,255,0,255,0,0,0,0,0,0 Latin 21 0 47 D	# D [44 ]A
V 5 0,255,0,255,0,0,0,0,0,0 Latin 22 0 48 V	# V [56 ]A
L 5 0,255,0,255,0,0,0,0,0,0 Latin 24 0 49 L	# L [4c ]A
A 5 0,255,0,255,0,0,0,0,0,0 Latin 25 0 50 A	# A [41 ]A
Z 5 0,255,0,255,0,0,0,0,0,0 Latin 26 0 51 Z	# Z [5a ]A
Y 5 0,255,0,255,0,0,0,0,0,0 Latin 27 0 52 Y	# Y [59 ]A
G 5 0,255,0,255,0,0,0,0,0,0 Latin 28 0 53 G	# G [47 ]A
, 10 0,255,0,255,0,0,0,0,0,0 Common 54 6 54 ,	# , [2c ]p
0 8 0,255,0,255,0,0,0,0,0,0 Common 55 2 55 0	# 0 [30 ]0
1 8 0,255,0,255,0,0,0,0,0,0 Common 56 2 56 1	# 1 [31 ]0
2 8 0,255,0,255,0,0,0,0,0,0 Common 57 2 57 2	# 2 [32 ]0
3 8 0,255,0,255,0,0,0,0,0,0 Common 58 2 58 3	# 3 [33 ]0
4 8 0,255,0,255,0,0,0,0,0,0 Common 59 2 59 4	# 4 [34 ]0
5 8 0,255,0,255,0,0,0,0,0,0 Common 60 2 60 5	# 5 [35 ]0
6 8 0,255,0,255,0,0,0,0,0,0 Common 61 2 61 6	# 6 [36 ]0
7 8 0,255,0,255,0,0,0,0,0,0 Common 62 2 62 7	# 7 [37 ]0
8 8 0,255,0,255,0,0,0,0,0,0 Common 63 2 63 8	# 8 [38 ]0
9 8 0,255,0,255,0,0,0,0,0,0 Common 64 2 64 9	# 9 [39 ]0
- 10 0,255,0,255,0,0,0,0,0,0 Common 65 3 65 -	# - [2d ]p
s 3 0,255,0,255,0,0,0,0,0,0 Latin 67 0 66 s	# s [73 ]a
S 5 0,255,0,255,0,0,0,0,0,0 Latin 66 0 67 S	# S [53 ]A
